# Npch = 	6.822058e+00
# lambda* = 	5.445685e-01
0.000000e+00	0.000000e+00	7.329166e-01	-7.329166e-01	1.000000e+00
1.000000e-03	8.118865e-03	7.329166e-01	-7.329126e-01	1.000000e+00
2.000000e-03	1.623756e-02	7.329166e-01	-7.329004e-01	1.000000e+00
3.000000e-03	2.435592e-02	7.329166e-01	-7.328801e-01	1.000000e+00
4.000000e-03	3.247377e-02	7.329166e-01	-7.328517e-01	1.000000e+00
5.000000e-03	4.059094e-02	7.329166e-01	-7.328152e-01	1.000000e+00
6.000000e-03	4.870727e-02	7.329166e-01	-7.327705e-01	1.000000e+00
7.000000e-03	5.682258e-02	7.329166e-01	-7.327177e-01	1.000000e+00
8.000000e-03	6.493670e-02	7.329166e-01	-7.326569e-01	1.000000e+00
9.000000e-03	7.304947e-02	7.329166e-01	-7.325879e-01	1.000000e+00
1.000000e-02	8.116072e-02	7.329166e-01	-7.325108e-01	1.000000e+00
1.100000e-02	8.927028e-02	7.329166e-01	-7.324255e-01	1.000000e+00
1.200000e-02	9.737797e-02	7.329166e-01	-7.323322e-01	1.000000e+00
1.300000e-02	1.054836e-01	7.329166e-01	-7.322308e-01	1.000000e+00
1.400000e-02	1.135871e-01	7.329166e-01	-7.321213e-01	1.000000e+00
1.500000e-02	1.216882e-01	7.329166e-01	-7.320036e-01	1.000000e+00
1.600000e-02	1.297867e-01	7.329166e-01	-7.318779e-01	1.000000e+00
1.700000e-02	1.378826e-01	7.329166e-01	-7.317440e-01	1.000000e+00
1.800000e-02	1.459756e-01	7.329166e-01	-7.316021e-01	1.000000e+00
1.900000e-02	1.540655e-01	7.329166e-01	-7.314521e-01	1.000000e+00
2.000000e-02	1.621522e-01	7.329166e-01	-7.312940e-01	1.000000e+00
2.100000e-02	1.702355e-01	7.329166e-01	-7.311278e-01	1.000000e+00
2.200000e-02	1.783153e-01	7.329166e-01	-7.309535e-01	1.000000e+00
2.300000e-02	1.863913e-01	7.329166e-01	-7.307712e-01	1.000000e+00
2.400000e-02	1.944635e-01	7.329166e-01	-7.305807e-01	1.000000e+00
2.500000e-02	2.025316e-01	7.329166e-01	-7.303822e-01	1.000000e+00
2.600000e-02	2.105954e-01	7.329166e-01	-7.301757e-01	1.000000e+00
2.700000e-02	2.186549e-01	7.329166e-01	-7.299611e-01	1.000000e+00
2.800000e-02	2.267098e-01	7.329166e-01	-7.297384e-01	1.000000e+00
2.900000e-02	2.347599e-01	7.329166e-01	-7.295076e-01	1.000000e+00
3.000000e-02	2.428051e-01	7.329166e-01	-7.292688e-01	1.000000e+00
3.100000e-02	2.508453e-01	7.329166e-01	-7.290220e-01	1.000000e+00
3.200000e-02	2.588802e-01	7.329166e-01	-7.287672e-01	1.000000e+00
3.300000e-02	2.669097e-01	7.329166e-01	-7.285043e-01	1.000000e+00
3.400000e-02	2.749336e-01	7.329166e-01	-7.282333e-01	1.000000e+00
3.500000e-02	2.829518e-01	7.329166e-01	-7.279544e-01	1.000000e+00
3.600000e-02	2.909640e-01	7.329166e-01	-7.276674e-01	1.000000e+00
3.700000e-02	2.989702e-01	7.329166e-01	-7.273725e-01	1.000000e+00
3.800000e-02	3.069700e-01	7.329166e-01	-7.270695e-01	1.000000e+00
3.900000e-02	3.149635e-01	7.329166e-01	-7.267585e-01	1.000000e+00
4.000000e-02	3.229503e-01	7.329166e-01	-7.264396e-01	1.000000e+00
4.100000e-02	3.309304e-01	7.329166e-01	-7.261126e-01	1.000000e+00
4.200000e-02	3.389036e-01	7.329166e-01	-7.257777e-01	1.000000e+00
4.300000e-02	3.468696e-01	7.329166e-01	-7.254348e-01	1.000000e+00
4.400000e-02	3.548283e-01	7.329166e-01	-7.250840e-01	1.000000e+00
4.500000e-02	3.627796e-01	7.329166e-01	-7.247252e-01	1.000000e+00
4.600000e-02	3.707233e-01	7.329166e-01	-7.243584e-01	1.000000e+00
4.700000e-02	3.786592e-01	7.329166e-01	-7.239837e-01	1.000000e+00
4.800000e-02	3.865872e-01	7.329166e-01	-7.236011e-01	1.000000e+00
4.900000e-02	3.945070e-01	7.329166e-01	-7.232106e-01	1.000000e+00
5.000000e-02	4.024185e-01	7.329166e-01	-7.228121e-01	1.000000e+00
5.100000e-02	4.103216e-01	7.329166e-01	-7.224057e-01	1.000000e+00
5.200000e-02	4.182160e-01	7.329166e-01	-7.219915e-01	1.000000e+00
5.300000e-02	4.261017e-01	7.329166e-01	-7.215693e-01	1.000000e+00
5.400000e-02	4.339783e-01	7.329166e-01	-7.211393e-01	1.000000e+00
5.500000e-02	4.418458e-01	7.329166e-01	-7.207013e-01	1.000000e+00
5.600000e-02	4.497041e-01	7.329166e-01	-7.202556e-01	1.000000e+00
5.700000e-02	4.575528e-01	7.329166e-01	-7.198019e-01	1.000000e+00
5.800000e-02	4.653919e-01	7.329166e-01	-7.193405e-01	1.000000e+00
5.900000e-02	4.732211e-01	7.329166e-01	-7.188712e-01	1.000000e+00
6.000000e-02	4.810404e-01	7.329166e-01	-7.183940e-01	1.000000e+00
6.100000e-02	4.888496e-01	7.329166e-01	-7.179091e-01	1.000000e+00
6.200000e-02	4.966484e-01	7.329166e-01	-7.174163e-01	1.000000e+00
6.300000e-02	5.044367e-01	7.329166e-01	-7.169158e-01	1.000000e+00
6.400000e-02	5.122143e-01	7.329166e-01	-7.164075e-01	1.000000e+00
6.500000e-02	5.199811e-01	7.329166e-01	-7.158914e-01	1.000000e+00
6.600000e-02	5.277370e-01	7.329166e-01	-7.153675e-01	1.000000e+00
6.700000e-02	5.354816e-01	7.329166e-01	-7.148359e-01	1.000000e+00
6.800000e-02	5.432149e-01	7.329166e-01	-7.142965e-01	1.000000e+00
6.900000e-02	5.509367e-01	7.329166e-01	-7.137495e-01	1.000000e+00
7.000000e-02	5.586468e-01	7.329166e-01	-7.131947e-01	1.000000e+00
7.100000e-02	5.663451e-01	7.329166e-01	-7.126322e-01	1.000000e+00
7.200000e-02	5.740313e-01	7.329166e-01	-7.120620e-01	1.000000e+00
7.300000e-02	5.817054e-01	7.329166e-01	-7.114841e-01	1.000000e+00
7.400000e-02	5.893671e-01	7.329166e-01	-7.108986e-01	1.000000e+00
7.500000e-02	5.970163e-01	7.329166e-01	-7.103054e-01	1.000000e+00
7.600000e-02	6.046528e-01	7.329166e-01	-7.097046e-01	1.000000e+00
7.700000e-02	6.122764e-01	7.329166e-01	-7.090961e-01	1.000000e+00
7.800000e-02	6.198870e-01	7.329166e-01	-7.084800e-01	1.000000e+00
7.900000e-02	6.274844e-01	7.329166e-01	-7.078563e-01	1.000000e+00
8.000000e-02	6.350684e-01	7.329166e-01	-7.072250e-01	1.000000e+00
8.100000e-02	6.426389e-01	7.329166e-01	-7.065862e-01	1.000000e+00
8.200000e-02	6.501957e-01	7.329166e-01	-7.059398e-01	1.000000e+00
8.300000e-02	6.577386e-01	7.329166e-01	-7.052858e-01	1.000000e+00
8.400000e-02	6.652674e-01	7.329166e-01	-7.046243e-01	1.000000e+00
8.500000e-02	6.727820e-01	7.329166e-01	-7.039553e-01	1.000000e+00
8.600000e-02	6.802823e-01	7.329166e-01	-7.032787e-01	1.000000e+00
8.700000e-02	6.877680e-01	7.329166e-01	-7.025947e-01	1.000000e+00
8.800000e-02	6.952389e-01	7.329166e-01	-7.019032e-01	1.000000e+00
8.900000e-02	7.026950e-01	7.329166e-01	-7.012042e-01	1.000000e+00
9.000000e-02	7.101360e-01	7.329166e-01	-7.004978e-01	1.000000e+00
9.100000e-02	7.175618e-01	7.329166e-01	-6.997840e-01	1.000000e+00
9.200000e-02	7.249721e-01	7.329166e-01	-6.990627e-01	1.000000e+00
9.300000e-02	7.323669e-01	7.329166e-01	-6.983340e-01	1.000000e+00
9.400000e-02	7.397460e-01	7.329166e-01	-6.975980e-01	1.000000e+00
9.500000e-02	7.471091e-01	7.329166e-01	-6.968545e-01	1.000000e+00
9.600000e-02	7.544562e-01	7.329166e-01	-6.961038e-01	1.000000e+00
9.700000e-02	7.617870e-01	7.329166e-01	-6.953456e-01	1.000000e+00
9.800000e-02	7.691014e-01	7.329166e-01	-6.945802e-01	1.000000e+00
9.900000e-02	7.763992e-01	7.329166e-01	-6.938074e-01	1.000000e+00
1.000000e-01	7.836803e-01	7.329166e-01	-6.930274e-01	1.000000e+00
1.010000e-01	7.909444e-01	7.329166e-01	-6.922401e-01	1.000000e+00
1.020000e-01	7.981914e-01	7.329166e-01	-6.914455e-01	1.000000e+00
1.030000e-01	8.054212e-01	7.329166e-01	-6.906437e-01	1.000000e+00
1.040000e-01	8.126336e-01	7.329166e-01	-6.898347e-01	1.000000e+00
1.050000e-01	8.198283e-01	7.329166e-01	-6.890184e-01	1.000000e+00
1.060000e-01	8.270053e-01	7.329166e-01	-6.881950e-01	1.000000e+00
1.070000e-01	8.341643e-01	7.329166e-01	-6.873644e-01	1.000000e+00
1.080000e-01	8.413052e-01	7.329166e-01	-6.865267e-01	1.000000e+00
1.090000e-01	8.484278e-01	7.329166e-01	-6.856818e-01	1.000000e+00
1.100000e-01	8.555320e-01	7.329166e-01	-6.848299e-01	1.000000e+00
1.110000e-01	8.626176e-01	7.329166e-01	-6.839708e-01	1.000000e+00
1.120000e-01	8.696844e-01	7.329166e-01	-6.831046e-01	1.000000e+00
1.130000e-01	8.767322e-01	7.329166e-01	-6.822314e-01	1.000000e+00
1.140000e-01	8.837609e-01	7.329166e-01	-6.813512e-01	1.000000e+00
1.150000e-01	8.907703e-01	7.329166e-01	-6.804639e-01	1.000000e+00
1.160000e-01	8.977602e-01	7.329166e-01	-6.795696e-01	1.000000e+00
1.170000e-01	9.047305e-01	7.329166e-01	-6.786684e-01	1.000000e+00
1.180000e-01	9.116810e-01	7.329166e-01	-6.777602e-01	1.000000e+00
1.190000e-01	9.186116e-01	7.329166e-01	-6.768450e-01	1.000000e+00
1.200000e-01	9.255220e-01	7.329166e-01	-6.759230e-01	1.000000e+00
1.210000e-01	9.324120e-01	7.329166e-01	-6.749940e-01	1.000000e+00
1.220000e-01	9.392816e-01	7.329166e-01	-6.740581e-01	1.000000e+00
1.230000e-01	9.461306e-01	7.329166e-01	-6.731154e-01	1.000000e+00
1.240000e-01	9.529587e-01	7.329166e-01	-6.721659e-01	1.000000e+00
1.250000e-01	9.597659e-01	7.329166e-01	-6.712095e-01	1.000000e+00
1.260000e-01	9.665519e-01	7.329166e-01	-6.702464e-01	1.000000e+00
1.270000e-01	9.733165e-01	7.329166e-01	-6.692764e-01	1.000000e+00
1.280000e-01	9.800597e-01	7.329166e-01	-6.682997e-01	1.000000e+00
1.290000e-01	9.867812e-01	7.329166e-01	-6.673163e-01	1.000000e+00
1.300000e-01	9.934809e-01	7.329166e-01	-6.663262e-01	1.000000e+00
1.310000e-01	1.000159e+00	7.329166e-01	-6.653294e-01	1.000000e+00
1.320000e-01	1.006814e+00	7.329166e-01	-6.643259e-01	1.000000e+00
1.330000e-01	1.013447e+00	7.329166e-01	-6.633157e-01	1.000000e+00
1.340000e-01	1.020058e+00	7.329166e-01	-6.622990e-01	1.000000e+00
1.350000e-01	1.026646e+00	7.329166e-01	-6.612756e-01	1.000000e+00
1.360000e-01	1.033211e+00	7.329166e-01	-6.602457e-01	1.000000e+00
1.370000e-01	1.039753e+00	7.329166e-01	-6.592092e-01	1.000000e+00
1.380000e-01	1.046272e+00	7.329166e-01	-6.581662e-01	1.000000e+00
1.390000e-01	1.052767e+00	7.329166e-01	-6.571167e-01	1.000000e+00
1.400000e-01	1.059239e+00	7.329166e-01	-6.560607e-01	1.000000e+00
1.410000e-01	1.065688e+00	7.329166e-01	-6.549982e-01	1.000000e+00
1.420000e-01	1.072112e+00	7.329166e-01	-6.539293e-01	1.000000e+00
1.430000e-01	1.078513e+00	7.329166e-01	-6.528540e-01	1.000000e+00
1.440000e-01	1.084889e+00	7.329166e-01	-6.517723e-01	1.000000e+00
1.450000e-01	1.091241e+00	7.329166e-01	-6.506842e-01	1.000000e+00
1.460000e-01	1.097568e+00	7.329166e-01	-6.495898e-01	1.000000e+00
1.470000e-01	1.103871e+00	7.329166e-01	-6.484891e-01	1.000000e+00
1.480000e-01	1.110148e+00	7.329166e-01	-6.473821e-01	1.000000e+00
1.490000e-01	1.116401e+00	7.329166e-01	-6.462688e-01	1.000000e+00
1.500000e-01	1.122628e+00	7.329166e-01	-6.451493e-01	1.000000e+00
1.510000e-01	1.128831e+00	7.329166e-01	-6.440236e-01	1.000000e+00
1.520000e-01	1.135007e+00	7.329166e-01	-6.428916e-01	1.000000e+00
1.530000e-01	1.141158e+00	7.329166e-01	-6.417536e-01	1.000000e+00
1.540000e-01	1.147283e+00	7.329166e-01	-6.406093e-01	1.000000e+00
1.550000e-01	1.153382e+00	7.329166e-01	-6.394590e-01	1.000000e+00
1.560000e-01	1.159454e+00	7.329166e-01	-6.383026e-01	1.000000e+00
1.570000e-01	1.165500e+00	7.329166e-01	-6.371401e-01	1.000000e+00
1.580000e-01	1.171520e+00	7.329166e-01	-6.359716e-01	1.000000e+00
1.590000e-01	1.177513e+00	7.329166e-01	-6.347971e-01	1.000000e+00
1.600000e-01	1.183479e+00	7.329166e-01	-6.336166e-01	1.000000e+00
1.610000e-01	1.189418e+00	7.329166e-01	-6.324301e-01	1.000000e+00
1.620000e-01	1.195329e+00	7.329166e-01	-6.312377e-01	1.000000e+00
1.630000e-01	1.201213e+00	7.329166e-01	-6.300395e-01	1.000000e+00
1.640000e-01	1.207070e+00	7.329166e-01	-6.288353e-01	1.000000e+00
1.650000e-01	1.212899e+00	7.329166e-01	-6.276253e-01	1.000000e+00
1.660000e-01	1.218700e+00	7.329166e-01	-6.264095e-01	1.000000e+00
1.670000e-01	1.224473e+00	7.329166e-01	-6.251880e-01	1.000000e+00
1.680000e-01	1.230217e+00	7.329166e-01	-6.239606e-01	1.000000e+00
1.690000e-01	1.235933e+00	7.329166e-01	-6.227275e-01	1.000000e+00
1.700000e-01	1.241621e+00	7.329166e-01	-6.214887e-01	1.000000e+00
1.710000e-01	1.247280e+00	7.329166e-01	-6.202443e-01	1.000000e+00
1.720000e-01	1.252909e+00	7.329166e-01	-6.189942e-01	1.000000e+00
1.730000e-01	1.258510e+00	7.329166e-01	-6.177385e-01	1.000000e+00
1.740000e-01	1.264082e+00	7.329166e-01	-6.164772e-01	1.000000e+00
1.750000e-01	1.269624e+00	7.329166e-01	-6.152103e-01	1.000000e+00
1.760000e-01	1.275136e+00	7.329166e-01	-6.139380e-01	1.000000e+00
1.770000e-01	1.280618e+00	7.329166e-01	-6.126601e-01	1.000000e+00
1.780000e-01	1.286071e+00	7.329166e-01	-6.113767e-01	1.000000e+00
1.790000e-01	1.291494e+00	7.329166e-01	-6.100879e-01	1.000000e+00
1.800000e-01	1.296886e+00	7.329166e-01	-6.087937e-01	1.000000e+00
1.810000e-01	1.302247e+00	7.329166e-01	-6.074942e-01	1.000000e+00
1.820000e-01	1.307579e+00	7.329166e-01	-6.061893e-01	1.000000e+00
1.830000e-01	1.312879e+00	7.329166e-01	-6.048790e-01	1.000000e+00
1.840000e-01	1.318148e+00	7.329166e-01	-6.035635e-01	1.000000e+00
1.850000e-01	1.323386e+00	7.329166e-01	-6.022427e-01	1.000000e+00
1.860000e-01	1.328593e+00	7.329166e-01	-6.009168e-01	1.000000e+00
1.870000e-01	1.333768e+00	7.329166e-01	-5.995856e-01	1.000000e+00
1.880000e-01	1.338912e+00	7.329166e-01	-5.982492e-01	1.000000e+00
1.890000e-01	1.344024e+00	7.329166e-01	-5.969078e-01	1.000000e+00
1.900000e-01	1.349104e+00	7.329166e-01	-5.955612e-01	1.000000e+00
1.910000e-01	1.354152e+00	7.329166e-01	-5.942096e-01	1.000000e+00
1.920000e-01	1.359167e+00	7.329166e-01	-5.928529e-01	1.000000e+00
1.930000e-01	1.364150e+00	7.329166e-01	-5.914912e-01	1.000000e+00
1.940000e-01	1.369100e+00	7.329166e-01	-5.901246e-01	1.000000e+00
1.950000e-01	1.374018e+00	7.329166e-01	-5.887530e-01	1.000000e+00
1.960000e-01	1.378902e+00	7.329166e-01	-5.873766e-01	1.000000e+00
1.970000e-01	1.383753e+00	7.329166e-01	-5.859953e-01	1.000000e+00
1.980000e-01	1.388571e+00	7.329166e-01	-5.846091e-01	1.000000e+00
1.990000e-01	1.393356e+00	7.329166e-01	-5.832181e-01	1.000000e+00
2.000000e-01	1.398106e+00	7.329166e-01	-5.818224e-01	1.000000e+00
2.010000e-01	1.402823e+00	7.329166e-01	-5.804219e-01	1.000000e+00
2.020000e-01	1.407506e+00	7.329166e-01	-5.790168e-01	1.000000e+00
2.030000e-01	1.412156e+00	7.329166e-01	-5.776069e-01	1.000000e+00
2.040000e-01	1.416772e+00	7.329166e-01	-5.761925e-01	1.000000e+00
2.050000e-01	1.421354e+00	7.329166e-01	-5.747734e-01	1.000000e+00
2.060000e-01	1.425903e+00	7.329166e-01	-5.733498e-01	1.000000e+00
2.070000e-01	1.430419e+00	7.329166e-01	-5.719216e-01	1.000000e+00
2.080000e-01	1.434901e+00	7.329166e-01	-5.704889e-01	1.000000e+00
2.090000e-01	1.439350e+00	7.329166e-01	-5.690518e-01	1.000000e+00
2.100000e-01	1.443766e+00	7.329166e-01	-5.676102e-01	1.000000e+00
2.110000e-01	1.448149e+00	7.329166e-01	-5.661643e-01	1.000000e+00
2.120000e-01	1.452499e+00	7.329166e-01	-5.647140e-01	1.000000e+00
2.130000e-01	1.456817e+00	7.329166e-01	-5.632593e-01	1.000000e+00
2.140000e-01	1.461101e+00	7.329166e-01	-5.618003e-01	1.000000e+00
2.150000e-01	1.465353e+00	7.329166e-01	-5.603371e-01	1.000000e+00
2.160000e-01	1.469573e+00	7.329166e-01	-5.588696e-01	1.000000e+00
2.170000e-01	1.473759e+00	7.329166e-01	-5.573980e-01	1.000000e+00
2.180000e-01	1.477914e+00	7.329166e-01	-5.559221e-01	1.000000e+00
2.190000e-01	1.482036e+00	7.329166e-01	-5.544421e-01	1.000000e+00
2.200000e-01	1.486126e+00	7.329166e-01	-5.529581e-01	1.000000e+00
2.210000e-01	1.490184e+00	7.329166e-01	-5.514699e-01	1.000000e+00
2.220000e-01	1.494209e+00	7.329166e-01	-5.499777e-01	1.000000e+00
2.230000e-01	1.498203e+00	7.329166e-01	-5.484815e-01	1.000000e+00
2.240000e-01	1.502165e+00	7.329166e-01	-5.469813e-01	1.000000e+00
2.250000e-01	1.506095e+00	7.329166e-01	-5.454772e-01	1.000000e+00
2.260000e-01	1.509993e+00	7.329166e-01	-5.439691e-01	1.000000e+00
2.270000e-01	1.513860e+00	7.329166e-01	-5.424572e-01	1.000000e+00
2.280000e-01	1.517695e+00	7.329166e-01	-5.409414e-01	1.000000e+00
2.290000e-01	1.521498e+00	7.329166e-01	-5.394218e-01	1.000000e+00
2.300000e-01	1.525271e+00	7.329166e-01	-5.378984e-01	1.000000e+00
2.310000e-01	1.529012e+00	7.329166e-01	-5.363713e-01	1.000000e+00
2.320000e-01	1.532721e+00	7.329166e-01	-5.348404e-01	1.000000e+00
2.330000e-01	1.536400e+00	7.329166e-01	-5.333059e-01	1.000000e+00
2.340000e-01	1.540047e+00	7.329166e-01	-5.317676e-01	1.000000e+00
2.350000e-01	1.543664e+00	7.329166e-01	-5.302258e-01	1.000000e+00
2.360000e-01	1.547250e+00	7.329166e-01	-5.286803e-01	1.000000e+00
2.370000e-01	1.550805e+00	7.329166e-01	-5.271313e-01	1.000000e+00
2.380000e-01	1.554329e+00	7.329166e-01	-5.255787e-01	1.000000e+00
2.390000e-01	1.557822e+00	7.329166e-01	-5.240226e-01	1.000000e+00
2.400000e-01	1.561285e+00	7.329166e-01	-5.224631e-01	1.000000e+00
2.410000e-01	1.564718e+00	7.329166e-01	-5.209001e-01	1.000000e+00
2.420000e-01	1.568120e+00	7.329166e-01	-5.193337e-01	1.000000e+00
2.430000e-01	1.571492e+00	7.329166e-01	-5.177638e-01	1.000000e+00
2.440000e-01	1.574834e+00	7.329166e-01	-5.161907e-01	1.000000e+00
2.450000e-01	1.578146e+00	7.329166e-01	-5.146142e-01	1.000000e+00
2.460000e-01	1.581427e+00	7.329166e-01	-5.130344e-01	1.000000e+00
2.470000e-01	1.584679e+00	7.329166e-01	-5.114514e-01	1.000000e+00
2.480000e-01	1.587901e+00	7.329166e-01	-5.098651e-01	1.000000e+00
2.490000e-01	1.591093e+00	7.329166e-01	-5.082756e-01	1.000000e+00
2.500000e-01	1.594255e+00	7.329166e-01	-5.066829e-01	1.000000e+00
2.510000e-01	1.597388e+00	7.329166e-01	-5.050871e-01	1.000000e+00
2.520000e-01	1.600492e+00	7.329166e-01	-5.034881e-01	1.000000e+00
2.530000e-01	1.603565e+00	7.329166e-01	-5.018861e-01	1.000000e+00
2.540000e-01	1.606610e+00	7.329166e-01	-5.002810e-01	1.000000e+00
2.550000e-01	1.609625e+00	7.329166e-01	-4.986729e-01	1.000000e+00
2.560000e-01	1.612611e+00	7.329166e-01	-4.970617e-01	1.000000e+00
2.570000e-01	1.615568e+00	7.329166e-01	-4.954477e-01	1.000000e+00
2.580000e-01	1.618496e+00	7.329166e-01	-4.938306e-01	1.000000e+00
2.590000e-01	1.621395e+00	7.329166e-01	-4.922107e-01	1.000000e+00
2.600000e-01	1.624266e+00	7.329166e-01	-4.905878e-01	1.000000e+00
2.610000e-01	1.627107e+00	7.329166e-01	-4.889622e-01	1.000000e+00
2.620000e-01	1.629920e+00	7.329166e-01	-4.873336e-01	1.000000e+00
2.630000e-01	1.632704e+00	7.329166e-01	-4.857023e-01	1.000000e+00
2.640000e-01	1.635460e+00	7.329166e-01	-4.840682e-01	1.000000e+00
2.650000e-01	1.638187e+00	7.329166e-01	-4.824314e-01	1.000000e+00
2.660000e-01	1.640886e+00	7.329166e-01	-4.807919e-01	1.000000e+00
2.670000e-01	1.643557e+00	7.329166e-01	-4.791496e-01	1.000000e+00
2.680000e-01	1.646200e+00	7.329166e-01	-4.775048e-01	1.000000e+00
2.690000e-01	1.648815e+00	7.329166e-01	-4.758573e-01	1.000000e+00
2.700000e-01	1.651401e+00	7.329166e-01	-4.742071e-01	1.000000e+00
2.710000e-01	1.653960e+00	7.329166e-01	-4.725545e-01	1.000000e+00
2.720000e-01	1.656491e+00	7.329166e-01	-4.708992e-01	1.000000e+00
2.730000e-01	1.658994e+00	7.329166e-01	-4.692415e-01	1.000000e+00
2.740000e-01	1.661469e+00	7.329166e-01	-4.675813e-01	1.000000e+00
2.750000e-01	1.663917e+00	7.329166e-01	-4.659186e-01	1.000000e+00
2.760000e-01	1.666338e+00	7.329166e-01	-4.642534e-01	1.000000e+00
2.770000e-01	1.668731e+00	7.329166e-01	-4.625859e-01	1.000000e+00
2.780000e-01	1.671097e+00	7.329166e-01	-4.609160e-01	1.000000e+00
2.790000e-01	1.673435e+00	7.329166e-01	-4.592437e-01	1.000000e+00
2.800000e-01	1.675747e+00	7.329166e-01	-4.575691e-01	1.000000e+00
2.810000e-01	1.678031e+00	7.329166e-01	-4.558922e-01	1.000000e+00
2.820000e-01	1.680289e+00	7.329166e-01	-4.542131e-01	1.000000e+00
2.830000e-01	1.682519e+00	7.329166e-01	-4.525317e-01	1.000000e+00
2.840000e-01	1.684723e+00	7.329166e-01	-4.508480e-01	1.000000e+00
2.850000e-01	1.686900e+00	7.329166e-01	-4.491622e-01	1.000000e+00
2.860000e-01	1.689051e+00	7.329166e-01	-4.474742e-01	1.000000e+00
2.870000e-01	1.691175e+00	7.329166e-01	-4.457841e-01	1.000000e+00
2.880000e-01	1.693272e+00	7.329166e-01	-4.440919e-01	1.000000e+00
2.890000e-01	1.695343e+00	7.329166e-01	-4.423976e-01	1.000000e+00
2.900000e-01	1.697388e+00	7.329166e-01	-4.407012e-01	1.000000e+00
2.910000e-01	1.699407e+00	7.329166e-01	-4.390028e-01	1.000000e+00
2.920000e-01	1.701399e+00	7.329166e-01	-4.373024e-01	1.000000e+00
2.930000e-01	1.703366e+00	7.329166e-01	-4.356000e-01	1.000000e+00
2.940000e-01	1.705306e+00	7.329166e-01	-4.338957e-01	1.000000e+00
2.950000e-01	1.707221e+00	7.329166e-01	-4.321894e-01	1.000000e+00
2.960000e-01	1.709110e+00	7.329166e-01	-4.304813e-01	1.000000e+00
2.970000e-01	1.710973e+00	7.329166e-01	-4.287712e-01	1.000000e+00
2.980000e-01	1.712811e+00	7.329166e-01	-4.270593e-01	1.000000e+00
2.990000e-01	1.714623e+00	7.329166e-01	-4.253456e-01	1.000000e+00
3.000000e-01	1.716410e+00	7.329166e-01	-4.236301e-01	1.000000e+00
3.010000e-01	1.718171e+00	7.329166e-01	-4.219128e-01	1.000000e+00
3.020000e-01	1.719907e+00	7.329166e-01	-4.201938e-01	1.000000e+00
3.030000e-01	1.721618e+00	7.329166e-01	-4.184730e-01	1.000000e+00
3.040000e-01	1.723304e+00	7.329166e-01	-4.167505e-01	1.000000e+00
3.050000e-01	1.724965e+00	7.329166e-01	-4.150264e-01	1.000000e+00
3.060000e-01	1.726601e+00	7.329166e-01	-4.133006e-01	1.000000e+00
3.070000e-01	1.728212e+00	7.329166e-01	-4.115732e-01	1.000000e+00
3.080000e-01	1.729798e+00	7.329166e-01	-4.098442e-01	1.000000e+00
3.090000e-01	1.731360e+00	7.329166e-01	-4.081136e-01	1.000000e+00
3.100000e-01	1.732897e+00	7.329166e-01	-4.063815e-01	1.000000e+00
3.110000e-01	1.734410e+00	7.329166e-01	-4.046478e-01	1.000000e+00
3.120000e-01	1.735898e+00	7.329166e-01	-4.029127e-01	1.000000e+00
3.130000e-01	1.737362e+00	7.329166e-01	-4.011760e-01	1.000000e+00
3.140000e-01	1.738801e+00	7.329166e-01	-3.994380e-01	1.000000e+00
3.150000e-01	1.740217e+00	7.329166e-01	-3.976985e-01	1.000000e+00
3.160000e-01	1.741608e+00	7.329166e-01	-3.959575e-01	1.000000e+00
3.170000e-01	1.742975e+00	7.329166e-01	-3.942152e-01	1.000000e+00
3.180000e-01	1.744319e+00	7.329166e-01	-3.924716e-01	1.000000e+00
3.190000e-01	1.745639e+00	7.329166e-01	-3.907266e-01	1.000000e+00
3.200000e-01	1.746935e+00	7.329166e-01	-3.889803e-01	1.000000e+00
3.210000e-01	1.748207e+00	7.329166e-01	-3.872328e-01	1.000000e+00
3.220000e-01	1.749456e+00	7.329166e-01	-3.854839e-01	1.000000e+00
3.230000e-01	1.750681e+00	7.329166e-01	-3.837339e-01	1.000000e+00
3.240000e-01	1.751883e+00	7.329166e-01	-3.819826e-01	1.000000e+00
3.250000e-01	1.753062e+00	7.329166e-01	-3.802301e-01	1.000000e+00
3.260000e-01	1.754217e+00	7.329166e-01	-3.784764e-01	1.000000e+00
3.270000e-01	1.755349e+00	7.329166e-01	-3.767217e-01	1.000000e+00
3.280000e-01	1.756458e+00	7.329166e-01	-3.749657e-01	1.000000e+00
3.290000e-01	1.757545e+00	7.329166e-01	-3.732087e-01	1.000000e+00
3.300000e-01	1.758608e+00	7.329166e-01	-3.714506e-01	1.000000e+00
3.310000e-01	1.759649e+00	7.329166e-01	-3.696915e-01	1.000000e+00
3.320000e-01	1.760666e+00	7.329166e-01	-3.679314e-01	1.000000e+00
3.330000e-01	1.761662e+00	7.329166e-01	-3.661702e-01	1.000000e+00
3.340000e-01	1.762634e+00	7.329166e-01	-3.644080e-01	1.000000e+00
3.350000e-01	1.763585e+00	7.329166e-01	-3.626449e-01	1.000000e+00
3.360000e-01	1.764512e+00	7.329166e-01	-3.608809e-01	1.000000e+00
3.370000e-01	1.765418e+00	7.329166e-01	-3.591159e-01	1.000000e+00
3.380000e-01	1.766301e+00	7.329166e-01	-3.573501e-01	1.000000e+00
3.390000e-01	1.767163e+00	7.329166e-01	-3.555833e-01	1.000000e+00
3.400000e-01	1.768002e+00	7.329166e-01	-3.538158e-01	1.000000e+00
3.410000e-01	1.768819e+00	7.329166e-01	-3.520473e-01	1.000000e+00
3.420000e-01	1.769615e+00	7.329166e-01	-3.502781e-01	1.000000e+00
3.430000e-01	1.770388e+00	7.329166e-01	-3.485081e-01	1.000000e+00
3.440000e-01	1.771140e+00	7.329166e-01	-3.467374e-01	1.000000e+00
3.450000e-01	1.771871e+00	7.329166e-01	-3.449659e-01	1.000000e+00
3.460000e-01	1.772580e+00	7.329166e-01	-3.431936e-01	1.000000e+00
3.470000e-01	1.773267e+00	7.329166e-01	-3.414207e-01	1.000000e+00
3.480000e-01	1.773933e+00	7.329166e-01	-3.396471e-01	1.000000e+00
3.490000e-01	1.774578e+00	7.329166e-01	-3.378729e-01	1.000000e+00
3.500000e-01	1.775202e+00	7.329166e-01	-3.360980e-01	1.000000e+00
3.510000e-01	1.775804e+00	7.329166e-01	-3.343225e-01	1.000000e+00
3.520000e-01	1.776386e+00	7.329166e-01	-3.325464e-01	1.000000e+00
3.530000e-01	1.776947e+00	7.329166e-01	-3.307697e-01	1.000000e+00
3.540000e-01	1.777486e+00	7.329166e-01	-3.289925e-01	1.000000e+00
3.550000e-01	1.778005e+00	7.329166e-01	-3.272147e-01	1.000000e+00
3.560000e-01	1.778504e+00	7.329166e-01	-3.254364e-01	1.000000e+00
3.570000e-01	1.778982e+00	7.329166e-01	-3.236577e-01	1.000000e+00
3.580000e-01	1.779439e+00	7.329166e-01	-3.218785e-01	1.000000e+00
3.590000e-01	1.779876e+00	7.329166e-01	-3.200988e-01	1.000000e+00
3.600000e-01	1.780292e+00	7.329166e-01	-3.183187e-01	1.000000e+00
3.610000e-01	1.780689e+00	7.329166e-01	-3.165382e-01	1.000000e+00
3.620000e-01	1.781065e+00	7.329166e-01	-3.147573e-01	1.000000e+00
3.630000e-01	1.781421e+00	7.329166e-01	-3.129761e-01	1.000000e+00
3.640000e-01	1.781757e+00	7.329166e-01	-3.111945e-01	1.000000e+00
3.650000e-01	1.782073e+00	7.329166e-01	-3.094126e-01	1.000000e+00
3.660000e-01	1.782370e+00	7.329166e-01	-3.076304e-01	1.000000e+00
3.670000e-01	1.782646e+00	7.329166e-01	-3.058479e-01	1.000000e+00
3.680000e-01	1.782903e+00	7.329166e-01	-3.040651e-01	1.000000e+00
3.690000e-01	1.783141e+00	7.329166e-01	-3.022821e-01	1.000000e+00
3.700000e-01	1.783359e+00	7.329166e-01	-3.004988e-01	1.000000e+00
3.710000e-01	1.783557e+00	7.329166e-01	-2.987154e-01	1.000000e+00
3.720000e-01	1.783737e+00	7.329166e-01	-2.969317e-01	1.000000e+00
3.730000e-01	1.783897e+00	7.329166e-01	-2.951479e-01	1.000000e+00
3.740000e-01	1.784038e+00	7.329166e-01	-2.933640e-01	1.000000e+00
3.750000e-01	1.784160e+00	7.329166e-01	-2.915799e-01	1.000000e+00
3.760000e-01	1.784262e+00	7.329166e-01	-2.897957e-01	1.000000e+00
3.770000e-01	1.784346e+00	7.329166e-01	-2.880114e-01	1.000000e+00
3.780000e-01	1.784412e+00	7.329166e-01	-2.862270e-01	1.000000e+00
3.790000e-01	1.784458e+00	7.329166e-01	-2.844426e-01	1.000000e+00
3.800000e-01	1.784486e+00	7.329166e-01	-2.826581e-01	1.000000e+00
3.810000e-01	1.784496e+00	7.329166e-01	-2.808736e-01	1.000000e+00
3.820000e-01	1.784486e+00	7.329166e-01	-2.790891e-01	1.000000e+00
3.830000e-01	1.784459e+00	7.329166e-01	-2.773046e-01	1.000000e+00
3.840000e-01	1.784413e+00	7.329166e-01	-2.755202e-01	1.000000e+00
3.850000e-01	1.784349e+00	7.329166e-01	-2.737358e-01	1.000000e+00
3.860000e-01	1.784267e+00	7.329166e-01	-2.719515e-01	1.000000e+00
3.870000e-01	1.784167e+00	7.329166e-01	-2.701673e-01	1.000000e+00
3.880000e-01	1.784049e+00	7.329166e-01	-2.683831e-01	1.000000e+00
3.890000e-01	1.783913e+00	7.329166e-01	-2.665991e-01	1.000000e+00
3.900000e-01	1.783759e+00	7.329166e-01	-2.648153e-01	1.000000e+00
3.910000e-01	1.783588e+00	7.329166e-01	-2.630316e-01	1.000000e+00
3.920000e-01	1.783399e+00	7.329166e-01	-2.612481e-01	1.000000e+00
3.930000e-01	1.783193e+00	7.329166e-01	-2.594648e-01	1.000000e+00
3.940000e-01	1.782969e+00	7.329166e-01	-2.576817e-01	1.000000e+00
3.950000e-01	1.782727e+00	7.329166e-01	-2.558989e-01	1.000000e+00
3.960000e-01	1.782469e+00	7.329166e-01	-2.541163e-01	1.000000e+00
3.970000e-01	1.782193e+00	7.329166e-01	-2.523339e-01	1.000000e+00
3.980000e-01	1.781900e+00	7.329166e-01	-2.505519e-01	1.000000e+00
3.990000e-01	1.781591e+00	7.329166e-01	-2.487701e-01	1.000000e+00
4.000000e-01	1.781264e+00	7.329166e-01	-2.469887e-01	1.000000e+00
4.010000e-01	1.780920e+00	7.329166e-01	-2.452076e-01	1.000000e+00
4.020000e-01	1.780560e+00	7.329166e-01	-2.434269e-01	1.000000e+00
4.030000e-01	1.780183e+00	7.329166e-01	-2.416465e-01	1.000000e+00
4.040000e-01	1.779789e+00	7.329166e-01	-2.398665e-01	1.000000e+00
4.050000e-01	1.779379e+00	7.329166e-01	-2.380869e-01	1.000000e+00
4.060000e-01	1.778953e+00	7.329166e-01	-2.363078e-01	1.000000e+00
4.070000e-01	1.778510e+00	7.329166e-01	-2.345290e-01	1.000000e+00
4.080000e-01	1.778051e+00	7.329166e-01	-2.327508e-01	1.000000e+00
4.090000e-01	1.777576e+00	7.329166e-01	-2.309730e-01	1.000000e+00
4.100000e-01	1.777084e+00	7.329166e-01	-2.291956e-01	1.000000e+00
4.110000e-01	1.776577e+00	7.329166e-01	-2.274188e-01	1.000000e+00
4.120000e-01	1.776054e+00	7.329166e-01	-2.256425e-01	1.000000e+00
4.130000e-01	1.775515e+00	7.329166e-01	-2.238667e-01	1.000000e+00
4.140000e-01	1.774960e+00	7.329166e-01	-2.220915e-01	1.000000e+00
4.150000e-01	1.774390e+00	7.329166e-01	-2.203168e-01	1.000000e+00
4.160000e-01	1.773804e+00	7.329166e-01	-2.185427e-01	1.000000e+00
4.170000e-01	1.773202e+00	7.329166e-01	-2.167692e-01	1.000000e+00
4.180000e-01	1.772585e+00	7.329166e-01	-2.149963e-01	1.000000e+00
4.190000e-01	1.771953e+00	7.329166e-01	-2.132241e-01	1.000000e+00
4.200000e-01	1.771306e+00	7.329166e-01	-2.114524e-01	1.000000e+00
4.210000e-01	1.770643e+00	7.329166e-01	-2.096815e-01	1.000000e+00
4.220000e-01	1.769966e+00	7.329166e-01	-2.079112e-01	1.000000e+00
4.230000e-01	1.769273e+00	7.329166e-01	-2.061415e-01	1.000000e+00
4.240000e-01	1.768566e+00	7.329166e-01	-2.043726e-01	1.000000e+00
4.250000e-01	1.767844e+00	7.329166e-01	-2.026044e-01	1.000000e+00
4.260000e-01	1.767107e+00	7.329166e-01	-2.008369e-01	1.000000e+00
4.270000e-01	1.766355e+00	7.329166e-01	-1.990702e-01	1.000000e+00
4.280000e-01	1.765589e+00	7.329166e-01	-1.973042e-01	1.000000e+00
4.290000e-01	1.764809e+00	7.329166e-01	-1.955390e-01	1.000000e+00
4.300000e-01	1.764014e+00	7.329166e-01	-1.937746e-01	1.000000e+00
4.310000e-01	1.763205e+00	7.329166e-01	-1.920110e-01	1.000000e+00
4.320000e-01	1.762381e+00	7.329166e-01	-1.902482e-01	1.000000e+00
4.330000e-01	1.761544e+00	7.329166e-01	-1.884862e-01	1.000000e+00
4.340000e-01	1.760692e+00	7.329166e-01	-1.867251e-01	1.000000e+00
4.350000e-01	1.759827e+00	7.329166e-01	-1.849648e-01	1.000000e+00
4.360000e-01	1.758947e+00	7.329166e-01	-1.832054e-01	1.000000e+00
4.370000e-01	1.758054e+00	7.329166e-01	-1.814469e-01	1.000000e+00
4.380000e-01	1.757147e+00	7.329166e-01	-1.796893e-01	1.000000e+00
4.390000e-01	1.756227e+00	7.329166e-01	-1.779326e-01	1.000000e+00
4.400000e-01	1.755293e+00	7.329166e-01	-1.761768e-01	1.000000e+00
4.410000e-01	1.754346e+00	7.329166e-01	-1.744220e-01	1.000000e+00
4.420000e-01	1.753385e+00	7.329166e-01	-1.726681e-01	1.000000e+00
4.430000e-01	1.752411e+00	7.329166e-01	-1.709152e-01	1.000000e+00
4.440000e-01	1.751424e+00	7.329166e-01	-1.691633e-01	1.000000e+00
4.450000e-01	1.750423e+00	7.329166e-01	-1.674124e-01	1.000000e+00
4.460000e-01	1.749410e+00	7.329166e-01	-1.656624e-01	1.000000e+00
4.470000e-01	1.748384e+00	7.329166e-01	-1.639135e-01	1.000000e+00
4.480000e-01	1.747345e+00	7.329166e-01	-1.621657e-01	1.000000e+00
4.490000e-01	1.746293e+00	7.329166e-01	-1.604189e-01	1.000000e+00
4.500000e-01	1.745228e+00	7.329166e-01	-1.586731e-01	1.000000e+00
4.510000e-01	1.744151e+00	7.329166e-01	-1.569284e-01	1.000000e+00
4.520000e-01	1.743062e+00	7.329166e-01	-1.551848e-01	1.000000e+00
4.530000e-01	1.741960e+00	7.329166e-01	-1.534423e-01	1.000000e+00
4.540000e-01	1.740845e+00	7.329166e-01	-1.517009e-01	1.000000e+00
4.550000e-01	1.739719e+00	7.329166e-01	-1.499607e-01	1.000000e+00
4.560000e-01	1.738580e+00	7.329166e-01	-1.482215e-01	1.000000e+00
4.570000e-01	1.737429e+00	7.329166e-01	-1.464835e-01	1.000000e+00
4.580000e-01	1.736266e+00	7.329166e-01	-1.447467e-01	1.000000e+00
4.590000e-01	1.735092e+00	7.329166e-01	-1.430110e-01	1.000000e+00
4.600000e-01	1.733905e+00	7.329166e-01	-1.412765e-01	1.000000e+00
4.610000e-01	1.732707e+00	7.329166e-01	-1.395432e-01	1.000000e+00
4.620000e-01	1.731497e+00	7.329166e-01	-1.378111e-01	1.000000e+00
4.630000e-01	1.730276e+00	7.329166e-01	-1.360803e-01	1.000000e+00
4.640000e-01	1.729043e+00	7.329166e-01	-1.343506e-01	1.000000e+00
4.650000e-01	1.727798e+00	7.329166e-01	-1.326222e-01	1.000000e+00
4.660000e-01	1.726543e+00	7.329166e-01	-1.308950e-01	1.000000e+00
4.670000e-01	1.725276e+00	7.329166e-01	-1.291691e-01	1.000000e+00
4.680000e-01	1.723998e+00	7.329166e-01	-1.274445e-01	1.000000e+00
4.690000e-01	1.722709e+00	7.329166e-01	-1.257211e-01	1.000000e+00
4.700000e-01	1.721409e+00	7.329166e-01	-1.239991e-01	1.000000e+00
4.710000e-01	1.720098e+00	7.329166e-01	-1.222783e-01	1.000000e+00
4.720000e-01	1.718776e+00	7.329166e-01	-1.205589e-01	1.000000e+00
4.730000e-01	1.717443e+00	7.329166e-01	-1.188408e-01	1.000000e+00
4.740000e-01	1.716100e+00	7.329166e-01	-1.171240e-01	1.000000e+00
4.750000e-01	1.714747e+00	7.329166e-01	-1.154086e-01	1.000000e+00
4.760000e-01	1.713383e+00	7.329166e-01	-1.136945e-01	1.000000e+00
4.770000e-01	1.712008e+00	7.329166e-01	-1.119818e-01	1.000000e+00
4.780000e-01	1.710623e+00	7.329166e-01	-1.102705e-01	1.000000e+00
4.790000e-01	1.709228e+00	7.329166e-01	-1.085606e-01	1.000000e+00
4.800000e-01	1.707823e+00	7.329166e-01	-1.068520e-01	1.000000e+00
4.810000e-01	1.706408e+00	7.329166e-01	-1.051449e-01	1.000000e+00
4.820000e-01	1.704983e+00	7.329166e-01	-1.034392e-01	1.000000e+00
4.830000e-01	1.703548e+00	7.329166e-01	-1.017349e-01	1.000000e+00
4.840000e-01	1.702104e+00	7.329166e-01	-1.000321e-01	1.000000e+00
4.850000e-01	1.700649e+00	7.329166e-01	-9.833069e-02	1.000000e+00
4.860000e-01	1.699185e+00	7.329166e-01	-9.663076e-02	1.000000e+00
4.870000e-01	1.697712e+00	7.329166e-01	-9.493230e-02	1.000000e+00
4.880000e-01	1.696229e+00	7.329166e-01	-9.323532e-02	1.000000e+00
4.890000e-01	1.694736e+00	7.329166e-01	-9.153982e-02	1.000000e+00
4.900000e-01	1.693235e+00	7.329166e-01	-8.984583e-02	1.000000e+00
4.910000e-01	1.691724e+00	7.329166e-01	-8.815333e-02	1.000000e+00
4.920000e-01	1.690204e+00	7.329166e-01	-8.646236e-02	1.000000e+00
4.930000e-01	1.688675e+00	7.329166e-01	-8.477291e-02	1.000000e+00
4.940000e-01	1.687137e+00	7.329166e-01	-8.308499e-02	1.000000e+00
4.950000e-01	1.685591e+00	7.329166e-01	-8.139861e-02	1.000000e+00
4.960000e-01	1.684035e+00	7.329166e-01	-7.971379e-02	1.000000e+00
4.970000e-01	1.682471e+00	7.329166e-01	-7.803053e-02	1.000000e+00
4.980000e-01	1.680898e+00	7.329166e-01	-7.634883e-02	1.000000e+00
4.990000e-01	1.679317e+00	7.329166e-01	-7.466872e-02	1.000000e+00
5.000000e-01	1.677728e+00	7.329166e-01	-7.299019e-02	1.000000e+00
5.010000e-01	1.676130e+00	7.329166e-01	-7.131326e-02	1.000000e+00
5.020000e-01	1.674523e+00	7.329166e-01	-6.963794e-02	1.000000e+00
5.030000e-01	1.672907e+00	7.329166e-01	-6.796422e-02	1.000000e+00
5.040000e-01	1.671281e+00	7.329166e-01	-6.629213e-02	1.000000e+00
5.050000e-01	1.669645e+00	7.329166e-01	-6.462167e-02	1.000000e+00
5.060000e-01	1.667998e+00	7.329166e-01	-6.295286e-02	1.000000e+00
5.070000e-01	1.666340e+00	7.329166e-01	-6.128570e-02	1.000000e+00
5.080000e-01	1.664671e+00	7.329166e-01	-5.962020e-02	1.000000e+00
5.090000e-01	1.662989e+00	7.329166e-01	-5.795638e-02	1.000000e+00
5.100000e-01	1.661295e+00	7.329166e-01	-5.629424e-02	1.000000e+00
5.110000e-01	1.659587e+00	7.329166e-01	-5.463381e-02	1.000000e+00
5.120000e-01	1.657867e+00	7.329166e-01	-5.297510e-02	1.000000e+00
5.130000e-01	1.656132e+00	7.329166e-01	-5.131811e-02	1.000000e+00
5.140000e-01	1.654382e+00	7.329166e-01	-4.966287e-02	1.000000e+00
5.150000e-01	1.652618e+00	7.329166e-01	-4.800938e-02	1.000000e+00
5.160000e-01	1.650839e+00	7.329166e-01	-4.635766e-02	1.000000e+00
5.170000e-01	1.649043e+00	7.329166e-01	-4.470773e-02	1.000000e+00
5.180000e-01	1.647231e+00	7.329166e-01	-4.305960e-02	1.000000e+00
5.190000e-01	1.645403e+00	7.329166e-01	-4.141329e-02	1.000000e+00
5.200000e-01	1.643557e+00	7.329166e-01	-3.976882e-02	1.000000e+00
5.210000e-01	1.641693e+00	7.329166e-01	-3.812620e-02	1.000000e+00
5.220000e-01	1.639811e+00	7.329166e-01	-3.648546e-02	1.000000e+00
5.230000e-01	1.637911e+00	7.329166e-01	-3.484662e-02	1.000000e+00
5.240000e-01	1.635991e+00	7.329166e-01	-3.320968e-02	1.000000e+00
5.250000e-01	1.634051e+00	7.329166e-01	-3.157467e-02	1.000000e+00
5.260000e-01	1.632092e+00	7.329166e-01	-2.994161e-02	1.000000e+00
5.270000e-01	1.630111e+00	7.329166e-01	-2.831052e-02	1.000000e+00
5.280000e-01	1.628110e+00	7.329166e-01	-2.668141e-02	1.000000e+00
5.290000e-01	1.626087e+00	7.329166e-01	-2.505431e-02	1.000000e+00
5.300000e-01	1.624043e+00	7.329166e-01	-2.342924e-02	1.000000e+00
5.310000e-01	1.621975e+00	7.329166e-01	-2.180623e-02	1.000000e+00
5.320000e-01	1.619885e+00	7.329166e-01	-2.018529e-02	1.000000e+00
5.330000e-01	1.617772e+00	7.329166e-01	-1.856646e-02	1.000000e+00
5.340000e-01	1.615634e+00	7.329166e-01	-1.694976e-02	1.000000e+00
5.350000e-01	1.613472e+00	7.329166e-01	-1.533521e-02	1.000000e+00
5.360000e-01	1.611286e+00	7.329166e-01	-1.372283e-02	1.000000e+00
5.370000e-01	1.609074e+00	7.329166e-01	-1.211266e-02	1.000000e+00
5.380000e-01	1.606836e+00	7.329166e-01	-1.050471e-02	1.000000e+00
5.390000e-01	1.604572e+00	7.329166e-01	-8.899012e-03	1.000000e+00
5.400000e-01	1.602281e+00	7.329166e-01	-7.295587e-03	1.000000e+00
5.410000e-01	1.599963e+00	7.329166e-01	-5.694459e-03	1.000000e+00
5.420000e-01	1.597617e+00	7.329166e-01	-4.095655e-03	1.000000e+00
5.430000e-01	1.595244e+00	7.329166e-01	-2.499204e-03	1.000000e+00
5.440000e-01	1.592841e+00	7.329166e-01	-9.051376e-04	1.000000e+00
5.450000e-01	1.590410e+00	7.363492e-01	6.865137e-04	9.953385e-01
5.460000e-01	1.587949e+00	7.442951e-01	2.275718e-03	9.847125e-01
5.470000e-01	1.585458e+00	7.522286e-01	3.862445e-03	9.743270e-01
5.480000e-01	1.582936e+00	7.601496e-01	5.446663e-03	9.641742e-01
5.490000e-01	1.580384e+00	7.680579e-01	7.028340e-03	9.542466e-01
5.500000e-01	1.577800e+00	7.759534e-01	8.607445e-03	9.445370e-01
5.510000e-01	1.575184e+00	7.838359e-01	1.018395e-02	9.350384e-01
5.520000e-01	1.572536e+00	7.917052e-01	1.175781e-02	9.257444e-01
5.530000e-01	1.569855e+00	7.995612e-01	1.332901e-02	9.166486e-01
5.540000e-01	1.567141e+00	8.074037e-01	1.489750e-02	9.077450e-01
5.550000e-01	1.564392e+00	8.152325e-01	1.646327e-02	8.990277e-01
5.560000e-01	1.561610e+00	8.230475e-01	1.802627e-02	8.904913e-01
5.570000e-01	1.558793e+00	8.308486e-01	1.958648e-02	8.821302e-01
5.580000e-01	1.555941e+00	8.386354e-01	2.114386e-02	8.739395e-01
5.590000e-01	1.553053e+00	8.464079e-01	2.269837e-02	8.659142e-01
5.600000e-01	1.550128e+00	8.541659e-01	2.424999e-02	8.580496e-01
5.610000e-01	1.547168e+00	8.619091e-01	2.579867e-02	8.503410e-01
5.620000e-01	1.544170e+00	8.696375e-01	2.734438e-02	8.427841e-01
5.630000e-01	1.541134e+00	8.773508e-01	2.888707e-02	8.353747e-01
5.640000e-01	1.538061e+00	8.850488e-01	3.042671e-02	8.281088e-01
5.650000e-01	1.534949e+00	8.927313e-01	3.196325e-02	8.209824e-01
5.660000e-01	1.531798e+00	9.003982e-01	3.349665e-02	8.139917e-01
5.670000e-01	1.528607e+00	9.080492e-01	3.502687e-02	8.071332e-01
5.680000e-01	1.525377e+00	9.156842e-01	3.655388e-02	8.004033e-01
5.690000e-01	1.522106e+00	9.233029e-01	3.807763e-02	7.937987e-01
5.700000e-01	1.518795e+00	9.309052e-01	3.959808e-02	7.873161e-01
5.710000e-01	1.515442e+00	9.384908e-01	4.111519e-02	7.809524e-01
5.720000e-01	1.512047e+00	9.460595e-01	4.262892e-02	7.747046e-01
5.730000e-01	1.508610e+00	9.536112e-01	4.413923e-02	7.685697e-01
5.740000e-01	1.505130e+00	9.611456e-01	4.564608e-02	7.625449e-01
5.750000e-01	1.501607e+00	9.686624e-01	4.714941e-02	7.566275e-01
5.760000e-01	1.498041e+00	9.761616e-01	4.864921e-02	7.508149e-01
5.770000e-01	1.494430e+00	9.836428e-01	5.014541e-02	7.451045e-01
5.780000e-01	1.490774e+00	9.911058e-01	5.163799e-02	7.394939e-01
5.790000e-01	1.487074e+00	9.985504e-01	5.312689e-02	7.339806e-01
5.800000e-01	1.483327e+00	1.005976e+00	5.461208e-02	7.285624e-01
5.810000e-01	1.479535e+00	1.013384e+00	5.609352e-02	7.232371e-01
5.820000e-01	1.475696e+00	1.020772e+00	5.757115e-02	7.180025e-01
5.830000e-01	1.471811e+00	1.028141e+00	5.904492e-02	7.128565e-01
5.840000e-01	1.467878e+00	1.035490e+00	6.051479e-02	7.077971e-01
5.850000e-01	1.463896e+00	1.042819e+00	6.198070e-02	7.028223e-01
5.860000e-01	1.459867e+00	1.050129e+00	6.344260e-02	6.979303e-01
5.870000e-01	1.455788e+00	1.057418e+00	6.490045e-02	6.931193e-01
5.880000e-01	1.451661e+00	1.064686e+00	6.635420e-02	6.883873e-01
5.890000e-01	1.447483e+00	1.071934e+00	6.780378e-02	6.837328e-01
5.900000e-01	1.443255e+00	1.079161e+00	6.924916e-02	6.791540e-01
5.910000e-01	1.438977e+00	1.086367e+00	7.069027e-02	6.746493e-01
5.920000e-01	1.434647e+00	1.093551e+00	7.212708e-02	6.702172e-01
5.930000e-01	1.430265e+00	1.100713e+00	7.355952e-02	6.658562e-01
5.940000e-01	1.425831e+00	1.107853e+00	7.498754e-02	6.615646e-01
5.950000e-01	1.421345e+00	1.114971e+00	7.641110e-02	6.573412e-01
5.960000e-01	1.416805e+00	1.122067e+00	7.783014e-02	6.531845e-01
5.970000e-01	1.412212e+00	1.129139e+00	7.924460e-02	6.490932e-01
5.980000e-01	1.407565e+00	1.136189e+00	8.065445e-02	6.450659e-01
5.990000e-01	1.402863e+00	1.143215e+00	8.205961e-02	6.411014e-01
6.000000e-01	1.398106e+00	1.150217e+00	8.346005e-02	6.371984e-01
6.010000e-01	1.393294e+00	1.157196e+00	8.485570e-02	6.333557e-01
6.020000e-01	1.388428e+00	1.164150e+00	8.624651e-02	6.295722e-01
6.030000e-01	1.383507e+00	1.171080e+00	8.763244e-02	6.258467e-01
6.040000e-01	1.378534e+00	1.177985e+00	8.901343e-02	6.221781e-01
6.050000e-01	1.373508e+00	1.184865e+00	9.038943e-02	6.185654e-01
6.060000e-01	1.368432e+00	1.191720e+00	9.176039e-02	6.150073e-01
6.070000e-01	1.363304e+00	1.198550e+00	9.312627e-02	6.115030e-01
6.080000e-01	1.358128e+00	1.205353e+00	9.448702e-02	6.080514e-01
6.090000e-01	1.352902e+00	1.212131e+00	9.584257e-02	6.046515e-01
6.100000e-01	1.347629e+00	1.218882e+00	9.719288e-02	6.013023e-01
6.110000e-01	1.342309e+00	1.225607e+00	9.853789e-02	5.980030e-01
6.120000e-01	1.336942e+00	1.232305e+00	9.987756e-02	5.947526e-01
6.130000e-01	1.331530e+00	1.238976e+00	1.012118e-01	5.915502e-01
6.140000e-01	1.326074e+00	1.245620e+00	1.025407e-01	5.883949e-01
6.150000e-01	1.320573e+00	1.252237e+00	1.038641e-01	5.852859e-01
6.160000e-01	1.315031e+00	1.258826e+00	1.051819e-01	5.822224e-01
6.170000e-01	1.309446e+00	1.265387e+00	1.064942e-01	5.792035e-01
6.180000e-01	1.303820e+00	1.271920e+00	1.078009e-01	5.762284e-01
6.190000e-01	1.298153e+00	1.278425e+00	1.091019e-01	5.732964e-01
6.200000e-01	1.292448e+00	1.284902e+00	1.103972e-01	5.704067e-01
6.210000e-01	1.286703e+00	1.291350e+00	1.116868e-01	5.675586e-01
6.220000e-01	1.280921e+00	1.297769e+00	1.129706e-01	5.647513e-01
6.230000e-01	1.275102e+00	1.304159e+00	1.142486e-01	5.619842e-01
6.240000e-01	1.269247e+00	1.310520e+00	1.155207e-01	5.592565e-01
6.250000e-01	1.263357e+00	1.316851e+00	1.167870e-01	5.565675e-01
6.260000e-01	1.257432e+00	1.323153e+00	1.180473e-01	5.539167e-01
6.270000e-01	1.251474e+00	1.329426e+00	1.193018e-01	5.513033e-01
6.280000e-01	1.245483e+00	1.335668e+00	1.205502e-01	5.487267e-01
6.290000e-01	1.239460e+00	1.341880e+00	1.217927e-01	5.461863e-01
6.300000e-01	1.233406e+00	1.348063e+00	1.230291e-01	5.436815e-01
6.310000e-01	1.227322e+00	1.354214e+00	1.242594e-01	5.412117e-01
6.320000e-01	1.221209e+00	1.360336e+00	1.254837e-01	5.387763e-01
6.330000e-01	1.215067e+00	1.366426e+00	1.267018e-01	5.363748e-01
6.340000e-01	1.208898e+00	1.372486e+00	1.279137e-01	5.340065e-01
6.350000e-01	1.202702e+00	1.378515e+00	1.291194e-01	5.316710e-01
6.360000e-01	1.196480e+00	1.384513e+00	1.303190e-01	5.293677e-01
6.370000e-01	1.190233e+00	1.390480e+00	1.315124e-01	5.270961e-01
6.380000e-01	1.183961e+00	1.396416e+00	1.326995e-01	5.248557e-01
6.390000e-01	1.177667e+00	1.402320e+00	1.338803e-01	5.226459e-01
6.400000e-01	1.171349e+00	1.408192e+00	1.350549e-01	5.204663e-01
6.410000e-01	1.165010e+00	1.414033e+00	1.362231e-01	5.183165e-01
6.420000e-01	1.158650e+00	1.419842e+00	1.373851e-01	5.161958e-01
6.430000e-01	1.152270e+00	1.425620e+00	1.385407e-01	5.141039e-01
6.440000e-01	1.145871e+00	1.431365e+00	1.396899e-01	5.120404e-01
6.450000e-01	1.139453e+00	1.437078e+00	1.408326e-01	5.100047e-01
6.460000e-01	1.133018e+00	1.442759e+00	1.419690e-01	5.079964e-01
6.470000e-01	1.126567e+00	1.448408e+00	1.430989e-01	5.060152e-01
6.480000e-01	1.120099e+00	1.454025e+00	1.442224e-01	5.040605e-01
6.490000e-01	1.113617e+00	1.459609e+00	1.453393e-01	5.021320e-01
6.500000e-01	1.107120e+00	1.465161e+00	1.464497e-01	5.002293e-01
6.510000e-01	1.100610e+00	1.470681e+00	1.475536e-01	4.983520e-01
6.520000e-01	1.094088e+00	1.476167e+00	1.486509e-01	4.964997e-01
6.530000e-01	1.087554e+00	1.481621e+00	1.497417e-01	4.946720e-01
6.540000e-01	1.081010e+00	1.487043e+00	1.508260e-01	4.928685e-01
6.550000e-01	1.074455e+00	1.492432e+00	1.519037e-01	4.910890e-01
6.560000e-01	1.067892e+00	1.497787e+00	1.529748e-01	4.893329e-01
6.570000e-01	1.061320e+00	1.503110e+00	1.540393e-01	4.876000e-01
6.580000e-01	1.054741e+00	1.508401e+00	1.550973e-01	4.858899e-01
6.590000e-01	1.048155e+00	1.513658e+00	1.561487e-01	4.842023e-01
6.600000e-01	1.041564e+00	1.518882e+00	1.571935e-01	4.825369e-01
6.610000e-01	1.034967e+00	1.524073e+00	1.582318e-01	4.808933e-01
6.620000e-01	1.028367e+00	1.529232e+00	1.592634e-01	4.792711e-01
6.630000e-01	1.021764e+00	1.534357e+00	1.602885e-01	4.776702e-01
6.640000e-01	1.015158e+00	1.539449e+00	1.613069e-01	4.760901e-01
6.650000e-01	1.008551e+00	1.544509e+00	1.623188e-01	4.745306e-01
6.660000e-01	1.001943e+00	1.549535e+00	1.633240e-01	4.729914e-01
6.670000e-01	9.953358e-01	1.554528e+00	1.643226e-01	4.714721e-01
6.680000e-01	9.887293e-01	1.559488e+00	1.653146e-01	4.699725e-01
6.690000e-01	9.821248e-01	1.564415e+00	1.663000e-01	4.684923e-01
6.700000e-01	9.755230e-01	1.569310e+00	1.672788e-01	4.670313e-01
6.710000e-01	9.689249e-01	1.574171e+00	1.682509e-01	4.655891e-01
6.720000e-01	9.623312e-01	1.578999e+00	1.692164e-01	4.641654e-01
6.730000e-01	9.557428e-01	1.583794e+00	1.701754e-01	4.627601e-01
6.740000e-01	9.491605e-01	1.588556e+00	1.711277e-01	4.613728e-01
6.750000e-01	9.425852e-01	1.593286e+00	1.720735e-01	4.600033e-01
6.760000e-01	9.360177e-01	1.597982e+00	1.730128e-01	4.586514e-01
6.770000e-01	9.294589e-01	1.602646e+00	1.739454e-01	4.573167e-01
6.780000e-01	9.229096e-01	1.607277e+00	1.748716e-01	4.559991e-01
6.790000e-01	9.163706e-01	1.611875e+00	1.757912e-01	4.546982e-01
6.800000e-01	9.098429e-01	1.616440e+00	1.767044e-01	4.534140e-01
6.810000e-01	9.033272e-01	1.620973e+00	1.776110e-01	4.521460e-01
6.820000e-01	8.968244e-01	1.625474e+00	1.785111e-01	4.508942e-01
6.830000e-01	8.903353e-01	1.629942e+00	1.794048e-01	4.496582e-01
6.840000e-01	8.838608e-01	1.634377e+00	1.802920e-01	4.484379e-01
6.850000e-01	8.774017e-01	1.638780e+00	1.811727e-01	4.472330e-01
6.860000e-01	8.709589e-01	1.643151e+00	1.820471e-01	4.460434e-01
6.870000e-01	8.645331e-01	1.647490e+00	1.829150e-01	4.448687e-01
6.880000e-01	8.581254e-01	1.651796e+00	1.837764e-01	4.437088e-01
6.890000e-01	8.517364e-01	1.656071e+00	1.846315e-01	4.425635e-01
6.900000e-01	8.453671e-01	1.660314e+00	1.854802e-01	4.414326e-01
6.910000e-01	8.390182e-01	1.664525e+00	1.863226e-01	4.403158e-01
6.920000e-01	8.326907e-01	1.668704e+00	1.871585e-01	4.392131e-01
6.930000e-01	8.263853e-01	1.672852e+00	1.879882e-01	4.381241e-01
6.940000e-01	8.201030e-01	1.676968e+00	1.888115e-01	4.370487e-01
6.950000e-01	8.138445e-01	1.681053e+00	1.896285e-01	4.359867e-01
6.960000e-01	8.076108e-01	1.685106e+00	1.904392e-01	4.349379e-01
6.970000e-01	8.014025e-01	1.689129e+00	1.912436e-01	4.339021e-01
6.980000e-01	7.952207e-01	1.693121e+00	1.920418e-01	4.328792e-01
6.990000e-01	7.890661e-01	1.697081e+00	1.928338e-01	4.318689e-01
7.000000e-01	7.829396e-01	1.701011e+00	1.936196e-01	4.308711e-01
7.010000e-01	7.768418e-01	1.704911e+00	1.943992e-01	4.298856e-01
7.020000e-01	7.707730e-01	1.708780e+00	1.951728e-01	4.289123e-01
7.030000e-01	7.647330e-01	1.712619e+00	1.959403e-01	4.279509e-01
7.040000e-01	7.587218e-01	1.716427e+00	1.967018e-01	4.270013e-01
7.050000e-01	7.527393e-01	1.720206e+00	1.974573e-01	4.260634e-01
7.060000e-01	7.467855e-01	1.723955e+00	1.982068e-01	4.251369e-01
7.070000e-01	7.408605e-01	1.727674e+00	1.989504e-01	4.242217e-01
7.080000e-01	7.349640e-01	1.731363e+00	1.996881e-01	4.233177e-01
7.090000e-01	7.290961e-01	1.735023e+00	2.004200e-01	4.224247e-01
7.100000e-01	7.232568e-01	1.738654e+00	2.011460e-01	4.215425e-01
7.110000e-01	7.174460e-01	1.742256e+00	2.018663e-01	4.206711e-01
7.120000e-01	7.116636e-01	1.745829e+00	2.025808e-01	4.198102e-01
7.130000e-01	7.059097e-01	1.749373e+00	2.032895e-01	4.189597e-01
7.140000e-01	7.001841e-01	1.752888e+00	2.039926e-01	4.181195e-01
7.150000e-01	6.944869e-01	1.756374e+00	2.046900e-01	4.172895e-01
7.160000e-01	6.888180e-01	1.759833e+00	2.053817e-01	4.164695e-01
7.170000e-01	6.831773e-01	1.763263e+00	2.060678e-01	4.156594e-01
7.180000e-01	6.775648e-01	1.766665e+00	2.067484e-01	4.148590e-01
7.190000e-01	6.719805e-01	1.770038e+00	2.074233e-01	4.140682e-01
7.200000e-01	6.664243e-01	1.773384e+00	2.080927e-01	4.132869e-01
7.210000e-01	6.608961e-01	1.776703e+00	2.087566e-01	4.125151e-01
7.220000e-01	6.553961e-01	1.779993e+00	2.094150e-01	4.117524e-01
7.230000e-01	6.499240e-01	1.783257e+00	2.100679e-01	4.109989e-01
7.240000e-01	6.444798e-01	1.786493e+00	2.107154e-01	4.102545e-01
7.250000e-01	6.390636e-01	1.789702e+00	2.113574e-01	4.095189e-01
7.260000e-01	6.336753e-01	1.792883e+00	2.119939e-01	4.087921e-01
7.270000e-01	6.283147e-01	1.796038e+00	2.126251e-01	4.080740e-01
7.280000e-01	6.229820e-01	1.799167e+00	2.132508e-01	4.073645e-01
7.290000e-01	6.176770e-01	1.802268e+00	2.138712e-01	4.066634e-01
7.300000e-01	6.123997e-01	1.805343e+00	2.144862e-01	4.059707e-01
7.310000e-01	6.071501e-01	1.808392e+00	2.150960e-01	4.052863e-01
7.320000e-01	6.019280e-01	1.811415e+00	2.157004e-01	4.046100e-01
7.330000e-01	5.967336e-01	1.814412e+00	2.162996e-01	4.039418e-01
7.340000e-01	5.915667e-01	1.817382e+00	2.168937e-01	4.032815e-01
7.350000e-01	5.864273e-01	1.820327e+00	2.174825e-01	4.026290e-01
7.360000e-01	5.813153e-01	1.823247e+00	2.180663e-01	4.019844e-01
7.370000e-01	5.762307e-01	1.826141e+00	2.186449e-01	4.013473e-01
7.380000e-01	5.711735e-01	1.829009e+00	2.192185e-01	4.007179e-01
7.390000e-01	5.661436e-01	1.831852e+00	2.197871e-01	4.000959e-01
7.400000e-01	5.611410e-01	1.834670e+00	2.203507e-01	3.994814e-01
7.410000e-01	5.561656e-01	1.837464e+00	2.209093e-01	3.988741e-01
7.420000e-01	5.512174e-01	1.840232e+00	2.214630e-01	3.982740e-01
7.430000e-01	5.462964e-01	1.842976e+00	2.220117e-01	3.976811e-01
7.440000e-01	5.414025e-01	1.845695e+00	2.225556e-01	3.970952e-01
7.450000e-01	5.365356e-01	1.848390e+00	2.230946e-01	3.965162e-01
7.460000e-01	5.316958e-01	1.851061e+00	2.236287e-01	3.959442e-01
7.470000e-01	5.268830e-01	1.853707e+00	2.241581e-01	3.953789e-01
7.480000e-01	5.220971e-01	1.856329e+00	2.246826e-01	3.948203e-01
7.490000e-01	5.173380e-01	1.858928e+00	2.252024e-01	3.942684e-01
7.500000e-01	5.126059e-01	1.861503e+00	2.257174e-01	3.937231e-01
7.510000e-01	5.079006e-01	1.864054e+00	2.262277e-01	3.931842e-01
7.520000e-01	5.032220e-01	1.866582e+00	2.267333e-01	3.926517e-01
7.530000e-01	4.985702e-01	1.869086e+00	2.272343e-01	3.921256e-01
7.540000e-01	4.939450e-01	1.871568e+00	2.277307e-01	3.916057e-01
7.550000e-01	4.893465e-01	1.874026e+00	2.282224e-01	3.910920e-01
7.560000e-01	4.847746e-01	1.876461e+00	2.287096e-01	3.905845e-01
7.570000e-01	4.802293e-01	1.878874e+00	2.291922e-01	3.900830e-01
7.580000e-01	4.757105e-01	1.881264e+00	2.296694e-01	3.895874e-01
7.590000e-01	4.712182e-01	1.883631e+00	2.301428e-01	3.890978e-01
7.600000e-01	4.667523e-01	1.885976e+00	2.306117e-01	3.886140e-01
7.610000e-01	4.623127e-01	1.888299e+00	2.310762e-01	3.881360e-01
7.620000e-01	4.578996e-01	1.890599e+00	2.315363e-01	3.876637e-01
7.630000e-01	4.535127e-01	1.892878e+00	2.319920e-01	3.871971e-01
7.640000e-01	4.491522e-01	1.895134e+00	2.324433e-01	3.867360e-01
7.650000e-01	4.448178e-01	1.897369e+00	2.328903e-01	3.862805e-01
7.660000e-01	4.405096e-01	1.899582e+00	2.333330e-01	3.858304e-01
7.670000e-01	4.362276e-01	1.901774e+00	2.337714e-01	3.853857e-01
7.680000e-01	4.319716e-01	1.903945e+00	2.342055e-01	3.849464e-01
7.690000e-01	4.277417e-01	1.906094e+00	2.346355e-01	3.845123e-01
7.700000e-01	4.235379e-01	1.908222e+00	2.350612e-01	3.840835e-01
7.710000e-01	4.193600e-01	1.910329e+00	2.354827e-01	3.836598e-01
7.720000e-01	4.152080e-01	1.912416e+00	2.359001e-01	3.832413e-01
7.730000e-01	4.110819e-01	1.914482e+00	2.363133e-01	3.828277e-01
7.740000e-01	4.069816e-01	1.916527e+00	2.367224e-01	3.824192e-01
7.750000e-01	4.029072e-01	1.918551e+00	2.371273e-01	3.820156e-01
7.760000e-01	3.988585e-01	1.920556e+00	2.375264e-01	3.816170e-01
7.770000e-01	3.948356e-01	1.922540e+00	2.379231e-01	3.812231e-01
7.780000e-01	3.908383e-01	1.924504e+00	2.383157e-01	3.808340e-01
7.790000e-01	3.868666e-01	1.926448e+00	2.387045e-01	3.804497e-01
7.800000e-01	3.829205e-01	1.928373e+00	2.390893e-01	3.800700e-01
7.810000e-01	3.790000e-01	1.930278e+00	2.394702e-01	3.796950e-01
7.820000e-01	3.751050e-01	1.932163e+00	2.398473e-01	3.793245e-01
7.830000e-01	3.712355e-01	1.934029e+00	2.402206e-01	3.789585e-01
7.840000e-01	3.673913e-01	1.935875e+00	2.405900e-01	3.785971e-01
7.850000e-01	3.635726e-01	1.937703e+00	2.409557e-01	3.782400e-01
7.860000e-01	3.597792e-01	1.939511e+00	2.413177e-01	3.778873e-01
7.870000e-01	3.560111e-01	1.941300e+00	2.416758e-01	3.775390e-01
7.880000e-01	3.522682e-01	1.943071e+00	2.420303e-01	3.771950e-01
7.890000e-01	3.485505e-01	1.944823e+00	2.423811e-01	3.768551e-01
7.900000e-01	3.448581e-01	1.946557e+00	2.427282e-01	3.765195e-01
7.910000e-01	3.411907e-01	1.948272e+00	2.430716e-01	3.761881e-01
7.920000e-01	3.375484e-01	1.949969e+00	2.434113e-01	3.758607e-01
7.930000e-01	3.339312e-01	1.951648e+00	2.437475e-01	3.755374e-01
7.940000e-01	3.303390e-01	1.953308e+00	2.440800e-01	3.752181e-01
7.950000e-01	3.267717e-01	1.954951e+00	2.444071e-01	3.749028e-01
7.960000e-01	3.232294e-01	1.956576e+00	2.447321e-01	3.745915e-01
7.970000e-01	3.197119e-01	1.958183e+00	2.450536e-01	3.742840e-01
7.980000e-01	3.162192e-01	1.959773e+00	2.453716e-01	3.739804e-01
7.990000e-01	3.127514e-01	1.961345e+00	2.456861e-01	3.736805e-01
8.000000e-01	3.093083e-01	1.962901e+00	2.459972e-01	3.733845e-01
8.010000e-01	3.058899e-01	1.964439e+00	2.463047e-01	3.730922e-01
8.020000e-01	3.024961e-01	1.965959e+00	2.466089e-01	3.728035e-01
8.030000e-01	2.991270e-01	1.967463e+00	2.469096e-01	3.725185e-01
8.040000e-01	2.957825e-01	1.968951e+00	2.472071e-01	3.722372e-01
8.050000e-01	2.924625e-01	1.970421e+00	2.475011e-01	3.719593e-01
8.060000e-01	2.891669e-01	1.971875e+00	2.477919e-01	3.716851e-01
8.070000e-01	2.858959e-01	1.973313e+00	2.480794e-01	3.714143e-01
8.080000e-01	2.826492e-01	1.974735e+00	2.483637e-01	3.711469e-01
8.090000e-01	2.794269e-01	1.976140e+00	2.486447e-01	3.708830e-01
8.100000e-01	2.762290e-01	1.977529e+00	2.489225e-01	3.706225e-01
8.110000e-01	2.730553e-01	1.978902e+00	2.491971e-01	3.703653e-01
8.120000e-01	2.699059e-01	1.980260e+00	2.494686e-01	3.701114e-01
8.130000e-01	2.667806e-01	1.981601e+00	2.497369e-01	3.698608e-01
8.140000e-01	2.636795e-01	1.982927e+00	2.500021e-01	3.696134e-01
8.150000e-01	2.606026e-01	1.984238e+00	2.502642e-01	3.693693e-01
8.160000e-01	2.575497e-01	1.985533e+00	2.505233e-01	3.691283e-01
8.170000e-01	2.545208e-01	1.986814e+00	2.507793e-01	3.688905e-01
8.180000e-01	2.515159e-01	1.988079e+00	2.510323e-01	3.686558e-01
8.190000e-01	2.485350e-01	1.989329e+00	2.512824e-01	3.684241e-01
8.200000e-01	2.455780e-01	1.990564e+00	2.515294e-01	3.681955e-01
8.210000e-01	2.426448e-01	1.991784e+00	2.517735e-01	3.679699e-01
8.220000e-01	2.397354e-01	1.992990e+00	2.520147e-01	3.677472e-01
8.230000e-01	2.368499e-01	1.994182e+00	2.522531e-01	3.675275e-01
8.240000e-01	2.339880e-01	1.995359e+00	2.524885e-01	3.673107e-01
8.250000e-01	2.311499e-01	1.996521e+00	2.527211e-01	3.670968e-01
8.260000e-01	2.283354e-01	1.997670e+00	2.529509e-01	3.668857e-01
8.270000e-01	2.255445e-01	1.998805e+00	2.531779e-01	3.666774e-01
8.280000e-01	2.227772e-01	1.999926e+00	2.534021e-01	3.664720e-01
8.290000e-01	2.200334e-01	2.001033e+00	2.536236e-01	3.662692e-01
8.300000e-01	2.173131e-01	2.002126e+00	2.538373e-01	3.660692e-01
8.310000e-01	2.146162e-01	2.003206e+00	2.540531e-01	3.658718e-01
8.320000e-01	2.119427e-01	2.004272e+00	2.542662e-01	3.656772e-01
8.330000e-01	2.092926e-01	2.005325e+00	2.544766e-01	3.654851e-01
8.340000e-01	2.066657e-01	2.006365e+00	2.546845e-01	3.652957e-01
8.350000e-01	2.040622e-01	2.007392e+00	2.548898e-01	3.651088e-01
8.360000e-01	2.014819e-01	2.008406e+00	2.550926e-01	3.649245e-01
8.370000e-01	1.989248e-01	2.009407e+00	2.552929e-01	3.647427e-01
8.380000e-01	1.963908e-01	2.010396e+00	2.554906e-01	3.645634e-01
8.390000e-01	1.938799e-01	2.011371e+00	2.556859e-01	3.643866e-01
8.400000e-01	1.913921e-01	2.012334e+00	2.558787e-01	3.642121e-01
8.410000e-01	1.889272e-01	2.013285e+00	2.560691e-01	3.640401e-01
8.420000e-01	1.864854e-01	2.014224e+00	2.562571e-01	3.638705e-01
8.430000e-01	1.840665e-01	2.015150e+00	2.564427e-01	3.637032e-01
8.440000e-01	1.816705e-01	2.016064e+00	2.566260e-01	3.635383e-01
8.450000e-01	1.792973e-01	2.016967e+00	2.568069e-01	3.633757e-01
8.460000e-01	1.769470e-01	2.017857e+00	2.569877e-01	3.632153e-01
8.470000e-01	1.746194e-01	2.018736e+00	2.571635e-01	3.630572e-01
8.480000e-01	1.723145e-01	2.019604e+00	2.573370e-01	3.629012e-01
8.490000e-01	1.700323e-01	2.020459e+00	2.575082e-01	3.627475e-01
8.500000e-01	1.677728e-01	2.021304e+00	2.576772e-01	3.625960e-01
8.510000e-01	1.655358e-01	2.022137e+00	2.578440e-01	3.624466e-01
8.520000e-01	1.633213e-01	2.022959e+00	2.580085e-01	3.622993e-01
8.530000e-01	1.611290e-01	2.023770e+00	2.581708e-01	3.621541e-01
8.540000e-01	1.589589e-01	2.024570e+00	2.583310e-01	3.620109e-01
8.550000e-01	1.568108e-01	2.025360e+00	2.584890e-01	3.618698e-01
8.560000e-01	1.546846e-01	2.026139e+00	2.586449e-01	3.617308e-01
8.570000e-01	1.525800e-01	2.026907e+00	2.587986e-01	3.615937e-01
8.580000e-01	1.504970e-01	2.027664e+00	2.589502e-01	3.614585e-01
8.590000e-01	1.484353e-01	2.028412e+00	2.590997e-01	3.613254e-01
8.600000e-01	1.463949e-01	2.029149e+00	2.592471e-01	3.611941e-01
8.610000e-01	1.443756e-01	2.029876e+00	2.593924e-01	3.610647e-01
8.620000e-01	1.423773e-01	2.030593e+00	2.595358e-01	3.609373e-01
8.630000e-01	1.403997e-01	2.031300e+00	2.596771e-01	3.608116e-01
8.640000e-01	1.384427e-01	2.031997e+00	2.598164e-01	3.606878e-01
8.650000e-01	1.365063e-01	2.032685e+00	2.599538e-01	3.605659e-01
8.660000e-01	1.345902e-01	2.033362e+00	2.600892e-01	3.604457e-01
8.670000e-01	1.326942e-01	2.034031e+00	2.602228e-01	3.603273e-01
8.680000e-01	1.308183e-01	2.034689e+00	2.603544e-01	3.602106e-01
8.690000e-01	1.289623e-01	2.035339e+00	2.604842e-01	3.600956e-01
8.700000e-01	1.271260e-01	2.035979e+00	2.606121e-01	3.599824e-01
8.710000e-01	1.253093e-01	2.036610e+00	2.607383e-01	3.598709e-01
8.720000e-01	1.235120e-01	2.037232e+00	2.608626e-01	3.597610e-01
8.730000e-01	1.217340e-01	2.037845e+00	2.609852e-01	3.596527e-01
8.740000e-01	1.199752e-01	2.038450e+00	2.611060e-01	3.595461e-01
8.750000e-01	1.182353e-01	2.039045e+00	2.612251e-01	3.594411e-01
8.760000e-01	1.165142e-01	2.039632e+00	2.613425e-01	3.593377e-01
8.770000e-01	1.148119e-01	2.040210e+00	2.614583e-01	3.592359e-01
8.780000e-01	1.131280e-01	2.040780e+00	2.615727e-01	3.591356e-01
8.790000e-01	1.114626e-01	2.041341e+00	2.616842e-01	3.590368e-01
8.800000e-01	1.098153e-01	2.041894e+00	2.617940e-01	3.589395e-01
8.810000e-01	1.081862e-01	2.042439e+00	2.619022e-01	3.588438e-01
8.820000e-01	1.065749e-01	2.042976e+00	2.620088e-01	3.587495e-01
8.830000e-01	1.049815e-01	2.043505e+00	2.621138e-01	3.586567e-01
8.840000e-01	1.034056e-01	2.044026e+00	2.622173e-01	3.585653e-01
8.850000e-01	1.018473e-01	2.044539e+00	2.623192e-01	3.584753e-01
8.860000e-01	1.003062e-01	2.045044e+00	2.624197e-01	3.583867e-01
8.870000e-01	9.878235e-02	2.045542e+00	2.625186e-01	3.582995e-01
8.880000e-01	9.727550e-02	2.046032e+00	2.626162e-01	3.582137e-01
8.890000e-01	9.578552e-02	2.046514e+00	2.627122e-01	3.581293e-01
8.900000e-01	9.431227e-02	2.046990e+00	2.628069e-01	3.580461e-01
8.910000e-01	9.285558e-02	2.047457e+00	2.629003e-01	3.579643e-01
8.920000e-01	9.141531e-02	2.047918e+00	2.629923e-01	3.578838e-01
8.930000e-01	8.999131e-02	2.048372e+00	2.630829e-01	3.578045e-01
8.940000e-01	8.858343e-02	2.048818e+00	2.631722e-01	3.577266e-01
8.950000e-01	8.719152e-02	2.049258e+00	2.632603e-01	3.576498e-01
8.960000e-01	8.581542e-02	2.049690e+00	2.633470e-01	3.575744e-01
8.970000e-01	8.445499e-02	2.050116e+00	2.634324e-01	3.575001e-01
8.980000e-01	8.311008e-02	2.050535e+00	2.635166e-01	3.574271e-01
8.990000e-01	8.178053e-02	2.050947e+00	2.635995e-01	3.573552e-01
9.000000e-01	8.046619e-02	2.051353e+00	2.636811e-01	3.572845e-01
9.010000e-01	7.916692e-02	2.051752e+00	2.637615e-01	3.572150e-01
9.020000e-01	7.788256e-02	2.052145e+00	2.638406e-01	3.571467e-01
9.030000e-01	7.661296e-02	2.052531e+00	2.639185e-01	3.570794e-01
9.040000e-01	7.535798e-02	2.052911e+00	2.639952e-01	3.570134e-01
9.050000e-01	7.411745e-02	2.053285e+00	2.640707e-01	3.569484e-01
9.060000e-01	7.289124e-02	2.053652e+00	2.641449e-01	3.568845e-01
9.070000e-01	7.167919e-02	2.054014e+00	2.642180e-01	3.568217e-01
9.080000e-01	7.048114e-02	2.054369e+00	2.642898e-01	3.567599e-01
9.090000e-01	6.929695e-02	2.054719e+00	2.643605e-01	3.566993e-01
9.100000e-01	6.812647e-02	2.055062e+00	2.644301e-01	3.566396e-01
9.110000e-01	6.696955e-02	2.055400e+00	2.644984e-01	3.565810e-01
9.120000e-01	6.582604e-02	2.055732e+00	2.645656e-01	3.565234e-01
9.130000e-01	6.469578e-02	2.056058e+00	2.646317e-01	3.564669e-01
9.140000e-01	6.357862e-02	2.056379e+00	2.646966e-01	3.564113e-01
9.150000e-01	6.247442e-02	2.056694e+00	2.647603e-01	3.563567e-01
9.160000e-01	6.138303e-02	2.057004e+00	2.648229e-01	3.563030e-01
9.170000e-01	6.030428e-02	2.057308e+00	2.648844e-01	3.562503e-01
9.180000e-01	5.923804e-02	2.057607e+00	2.649447e-01	3.561986e-01
9.190000e-01	5.818416e-02	2.057900e+00	2.650039e-01	3.561478e-01
9.200000e-01	5.714247e-02	2.058188e+00	2.650620e-01	3.560979e-01
9.210000e-01	5.611283e-02	2.058472e+00	2.651189e-01	3.560490e-01
9.220000e-01	5.509510e-02	2.058749e+00	2.651748e-01	3.560009e-01
9.230000e-01	5.408911e-02	2.059022e+00	2.652295e-01	3.559537e-01
9.240000e-01	5.309473e-02	2.059290e+00	2.652832e-01	3.559074e-01
9.250000e-01	5.211179e-02	2.059553e+00	2.653357e-01	3.558620e-01
9.260000e-01	5.114015e-02	2.059811e+00	2.653872e-01	3.558174e-01
9.270000e-01	5.017965e-02	2.060064e+00	2.654375e-01	3.557737e-01
9.280000e-01	4.923015e-02	2.060313e+00	2.654869e-01	3.557308e-01
9.290000e-01	4.829150e-02	2.060557e+00	2.655352e-01	3.556887e-01
9.300000e-01	4.736355e-02	2.060796e+00	2.655826e-01	3.556474e-01
9.310000e-01	4.644613e-02	2.061030e+00	2.656289e-01	3.556070e-01
9.320000e-01	4.553911e-02	2.061260e+00	2.656743e-01	3.555673e-01
9.330000e-01	4.464234e-02	2.061485e+00	2.657187e-01	3.555284e-01
9.340000e-01	4.375566e-02	2.061706e+00	2.657622e-01	3.554903e-01
9.350000e-01	4.287892e-02	2.061923e+00	2.658048e-01	3.554530e-01
9.360000e-01	4.201197e-02	2.062135e+00	2.658466e-01	3.554164e-01
9.370000e-01	4.115466e-02	2.062343e+00	2.658874e-01	3.553805e-01
9.380000e-01	4.030684e-02	2.062547e+00	2.659274e-01	3.553454e-01
9.390000e-01	3.946836e-02	2.062747e+00	2.659666e-01	3.553110e-01
9.400000e-01	3.863907e-02	2.062942e+00	2.660050e-01	3.552774e-01
9.410000e-01	3.781882e-02	2.063133e+00	2.660426e-01	3.552445e-01
9.420000e-01	3.700745e-02	2.063320e+00	2.660795e-01	3.552122e-01
9.430000e-01	3.620482e-02	2.063504e+00	2.661156e-01	3.551807e-01
9.440000e-01	3.541078e-02	2.063683e+00	2.661509e-01	3.551499e-01
9.450000e-01	3.462517e-02	2.063858e+00	2.661856e-01	3.551197e-01
9.460000e-01	3.384785e-02	2.064029e+00	2.662195e-01	3.550903e-01
9.470000e-01	3.307866e-02	2.064197e+00	2.662527e-01	3.550615e-01
9.480000e-01	3.231746e-02	2.064360e+00	2.662852e-01	3.550333e-01
9.490000e-01	3.156409e-02	2.064520e+00	2.663170e-01	3.550058e-01
9.500000e-01	3.081840e-02	2.064676e+00	2.663482e-01	3.549790e-01
9.510000e-01	3.008024e-02	2.064828e+00	2.663786e-01	3.549528e-01
9.520000e-01	2.934947e-02	2.064977e+00	2.664083e-01	3.549273e-01
9.530000e-01	2.862592e-02	2.065122e+00	2.664374e-01	3.549024e-01
9.540000e-01	2.790946e-02	2.065263e+00	2.664657e-01	3.548781e-01
9.550000e-01	2.719992e-02	2.065401e+00	2.664934e-01	3.548544e-01
9.560000e-01	2.649717e-02	2.065535e+00	2.665204e-01	3.548313e-01
9.570000e-01	2.580104e-02	2.065666e+00	2.665468e-01	3.548088e-01
9.580000e-01	2.511138e-02	2.065793e+00	2.665725e-01	3.547870e-01
9.590000e-01	2.442806e-02	2.065917e+00	2.665975e-01	3.547657e-01
9.600000e-01	2.375091e-02	2.066038e+00	2.666218e-01	3.547450e-01
9.610000e-01	2.307979e-02	2.066155e+00	2.666455e-01	3.547249e-01
9.620000e-01	2.241454e-02	2.066269e+00	2.666685e-01	3.547054e-01
9.630000e-01	2.175501e-02	2.066379e+00	2.666909e-01	3.546864e-01
9.640000e-01	2.110106e-02	2.066486e+00	2.667126e-01	3.546681e-01
9.650000e-01	2.045253e-02	2.066590e+00	2.667336e-01	3.546502e-01
9.660000e-01	1.980928e-02	2.066691e+00	2.667541e-01	3.546330e-01
9.670000e-01	1.917114e-02	2.066788e+00	2.667738e-01	3.546163e-01
9.680000e-01	1.853798e-02	2.066882e+00	2.667930e-01	3.546001e-01
9.690000e-01	1.790963e-02	2.066973e+00	2.668115e-01	3.545845e-01
9.700000e-01	1.728596e-02	2.067061e+00	2.668293e-01	3.545694e-01
9.710000e-01	1.666680e-02	2.067146e+00	2.668466e-01	3.545549e-01
9.720000e-01	1.605202e-02	2.067227e+00	2.668632e-01	3.545409e-01
9.730000e-01	1.544145e-02	2.067306e+00	2.668792e-01	3.545274e-01
9.740000e-01	1.483495e-02	2.067382e+00	2.668945e-01	3.545145e-01
9.750000e-01	1.423236e-02	2.067454e+00	2.669092e-01	3.545020e-01
9.760000e-01	1.363354e-02	2.067524e+00	2.669234e-01	3.544901e-01
9.770000e-01	1.303834e-02	2.067590e+00	2.669369e-01	3.544787e-01
9.780000e-01	1.244660e-02	2.067654e+00	2.669498e-01	3.544678e-01
9.790000e-01	1.185818e-02	2.067714e+00	2.669620e-01	3.544574e-01
9.800000e-01	1.127291e-02	2.067772e+00	2.669737e-01	3.544475e-01
9.810000e-01	1.069067e-02	2.067827e+00	2.669848e-01	3.544381e-01
9.820000e-01	1.011128e-02	2.067879e+00	2.669953e-01	3.544293e-01
9.830000e-01	9.534603e-03	2.067928e+00	2.670052e-01	3.544209e-01
9.840000e-01	8.960488e-03	2.067974e+00	2.670144e-01	3.544129e-01
9.850000e-01	8.388783e-03	2.068017e+00	2.670231e-01	3.544055e-01
9.860000e-01	7.819338e-03	2.068057e+00	2.670312e-01	3.543986e-01
9.870000e-01	7.252002e-03	2.068095e+00	2.670388e-01	3.543921e-01
9.880000e-01	6.686624e-03	2.068130e+00	2.670457e-01	3.543862e-01
9.890000e-01	6.123053e-03	2.068162e+00	2.670520e-01	3.543807e-01
9.900000e-01	5.561140e-03	2.068191e+00	2.670578e-01	3.543757e-01
9.910000e-01	5.000733e-03	2.068218e+00	2.670630e-01	3.543712e-01
9.920000e-01	4.441681e-03	2.068241e+00	2.670676e-01	3.543671e-01
9.930000e-01	3.883835e-03	2.068262e+00	2.670716e-01	3.543635e-01
9.940000e-01	3.327043e-03	2.068280e+00	2.670750e-01	3.543604e-01
9.950000e-01	2.771155e-03	2.068296e+00	2.670779e-01	3.543578e-01
9.960000e-01	2.216020e-03	2.068308e+00	2.670801e-01	3.543556e-01
9.970000e-01	1.661488e-03	2.068318e+00	2.670818e-01	3.543540e-01
9.980000e-01	1.107408e-03	2.068325e+00	2.670829e-01	3.543528e-01
9.990000e-01	5.536285e-04	2.068329e+00	2.670834e-01	3.543520e-01
1.000000e+00	-7.450608e-16	2.068331e+00	2.670834e-01	3.543518e-01
